SELECT
    `e`.*,
    `price_index`.`price`,
    `price_index`.`tax_class_id`,
    `price_index`.`final_price`,
    IF(
        price_index.tier_price IS NOT NULL,
        LEAST(price_index.min_price, price_index.tier_price),
        price_index.min_price
    ) AS `minimal_price`,
    `price_index`.`min_price`,
    `price_index`.`max_price`,
    `price_index`.`tier_price`,
    `at_jf_is_visible_on_front`.`value` AS `jf_is_visible_on_front`
FROM
    `catalog_product_entity` AS `e`
    INNER JOIN `catalog_product_index_price` AS `price_index` ON price_index.entity_id = e.entity_id
    AND price_index.customer_group_id = 0
    AND price_index.website_id = '4'
    INNER JOIN `catalog_product_website` AS `product_website` ON product_website.product_id = e.entity_id
    AND product_website.website_id = 4
    INNER JOIN `catalog_product_entity_varchar` AS `at_jf_is_visible_on_front` ON (
        `at_jf_is_visible_on_front`.`entity_id` = `e`.`entity_id`
    )
    AND (
        `at_jf_is_visible_on_front`.`attribute_id` = '248'
    )
    AND (`at_jf_is_visible_on_front`.`store_id` = 0)
WHERE
    (
        e.entity_id IN (
            0,
            2065,
            2084,
            2871,
            2872,
            4214,
            4610,
            4611,
            4612,
            4614,
            4615,
            5167,
            5274,
            5278,
            5279,
            7476,
            7766,
            10503,
            10701,
            10703,
            10706,
            10711,
            10712,
            10713,
            10714,
            10722,
            10723,
            10726,
            10727,
            10728,
            10729,
            10738,
            10739,
            10744,
            10745,
            10748,
            10749,
            10750,
            10754,
            10755,
            10756,
            10757,
            10758,
            11537,
            11538,
            12354,
            12358,
            12370,
            12497,
            12499,
            12504,
            12508,
            12519,
            12525,
            12534,
            12551,
            12562,
            12586,
            12613,
            12641,
            12647,
            12653,
            12657,
            12662,
            12671,
            12687,
            12691,
            12699,
            12709,
            12716,
            12733,
            12738,
            12740,
            12742,
            12743,
            12749,
            12762,
            12768,
            12773,
            12777,
            12783,
            12788,
            12793,
            12799,
            13744,
            13783,
            13871,
            13898,
            14138,
            15922,
            15987,
            16244,
            16276,
            16278,
            16279,
            16288,
            16300,
            16307,
            16316,
            16321,
            16324,
            16325,
            16326,
            16328,
            16329,
            16330,
            16331,
            16333,
            16334,
            16336,
            16337,
            16338,
            16340,
            16341,
            16349,
            16351,
            16352,
            16354,
            16356,
            16358,
            16361,
            16367,
            16368,
            16370,
            16373,
            16375,
            16376,
            16379,
            16382,
            16383,
            16387,
            16401,
            16404,
            16407,
            16411,
            16415,
            16417,
            16420,
            16421,
            16424,
            16427,
            16429,
            16431,
            16432,
            16433,
            16440,
            16441,
            16443,
            16447,
            16451,
            16454,
            16455,
            16458,
            16459,
            16463,
            16465,
            16466,
            16467,
            16468,
            16470,
            16471,
            16472,
            16474,
            16475,
            16476,
            16477,
            16490,
            16498,
            16510,
            16514,
            16516,
            16517,
            16519,
            16522,
            16526,
            16527,
            16528,
            16529,
            16530,
            16532,
            16533,
            16534,
            16538,
            16539,
            16540,
            16542,
            16545,
            16547,
            16550,
            16552,
            16555,
            16557,
            16561,
            16564,
            16568,
            16570,
            16573,
            16574,
            16576,
            16577,
            16581,
            16594,
            16596,
            18787,
            18790,
            18793,
            18794,
            18796,
            18797,
            18803,
            18816,
            18817,
            18819,
            18822,
            18823,
            18826,
            18828,
            18829,
            18830,
            18831,
            18832,
            18839,
            18843,
            18852,
            18855,
            18858,
            18860,
            18862,
            18863,
            18866,
            18868,
            18869,
            18870,
            18872,
            18880,
            18892,
            18893,
            18895,
            18898,
            18899,
            18902,
            18905,
            18906,
            18907,
            18908,
            18910,
            18911,
            18912,
            18963,
            18964,
            19017,
            19020,
            19021,
            19596,
            19629,
            19630,
            19654,
            19655,
            19661,
            19662,
            19663,
            19704,
            19705,
            19708,
            19709,
            19710,
            19711,
            19728,
            19759,
            19785,
            19791
        )
    )
    AND (at_jf_is_visible_on_front.value = '1')
ORDER BY
    FIELD(
        e.entity_id,
        0,
        2065,
        2084,
        2871,
        2872,
        4214,
        4610,
        4611,
        4612,
        4614,
        4615,
        5167,
        5274,
        5278,
        5279,
        7476,
        7766,
        10503,
        10701,
        10703,
        10706,
        10711,
        10712,
        10713,
        10714,
        10722,
        10723,
        10726,
        10727,
        10728,
        10729,
        10738,
        10739,
        10744,
        10745,
        10748,
        10749,
        10750,
        10754,
        10755,
        10756,
        10757,
        10758,
        11537,
        11538,
        12354,
        12358,
        12370,
        12497,
        12499,
        12504,
        12508,
        12519,
        12525,
        12534,
        12551,
        12562,
        12586,
        12613,
        12641,
        12647,
        12653,
        12657,
        12662,
        12671,
        12687,
        12691,
        12699,
        12709,
        12716,
        12733,
        12738,
        12740,
        12742,
        12743,
        12749,
        12762,
        12768,
        12773,
        12777,
        12783,
        12788,
        12793,
        12799,
        13744,
        13783,
        13871,
        13898,
        14138,
        15922,
        15987,
        16244,
        16276,
        16278,
        16279,
        16288,
        16300,
        16307,
        16316,
        16321,
        16324,
        16325,
        16326,
        16328,
        16329,
        16330,
        16331,
        16333,
        16334,
        16336,
        16337,
        16338,
        16340,
        16341,
        16349,
        16351,
        16352,
        16354,
        16356,
        16358,
        16361,
        16367,
        16368,
        16370,
        16373,
        16375,
        16376,
        16379,
        16382,
        16383,
        16387,
        16401,
        16404,
        16407,
        16411,
        16415,
        16417,
        16420,
        16421,
        16424,
        16427,
        16429,
        16431,
        16432,
        16433,
        16440,
        16441,
        16443,
        16447,
        16451,
        16454,
        16455,
        16458,
        16459,
        16463,
        16465,
        16466,
        16467,
        16468,
        16470,
        16471,
        16472,
        16474,
        16475,
        16476,
        16477,
        16490,
        16498,
        16510,
        16514,
        16516,
        16517,
        16519,
        16522,
        16526,
        16527,
        16528,
        16529,
        16530,
        16532,
        16533,
        16534,
        16538,
        16539,
        16540,
        16542,
        16545,
        16547,
        16550,
        16552,
        16555,
        16557,
        16561,
        16564,
        16568,
        16570,
        16573,
        16574,
        16576,
        16577,
        16581,
        16594,
        16596,
        18787,
        18790,
        18793,
        18794,
        18796,
        18797,
        18803,
        18816,
        18817,
        18819,
        18822,
        18823,
        18826,
        18828,
        18829,
        18830,
        18831,
        18832,
        18839,
        18843,
        18852,
        18855,
        18858,
        18860,
        18862,
        18863,
        18866,
        18868,
        18869,
        18870,
        18872,
        18880,
        18892,
        18893,
        18895,
        18898,
        18899,
        18902,
        18905,
        18906,
        18907,
        18908,
        18910,
        18911,
        18912,
        18963,
        18964,
        19017,
        19020,
        19021,
        19596,
        19629,
        19630,
        19654,
        19655,
        19661,
        19662,
        19663,
        19704,
        19705,
        19708,
        19709,
        19710,
        19711,
        19728,
        19759,
        19785,
        19791
    )
